98
81
69
101
83
69
105
85
71
111
88
73
118
92
76
126
98
80
134
103
84
142
109
89
149
114
93
156
119
98
162
124
102
168
129
107
173
133
111
177
137
115
181
140
118
183
143
121
185
144
123
187
146
124
187
147
125
188
147
126
188
147
126
188
147
126
187
146
125
186
145
124
185
144
122
183
142
120
180
139
117
176
136
114
172
132
110
167
128
106
161
123
101
154
118
97
147
113
92
139
107
87
131
101
83
123
96
78
114
90
74
107
85
70
101
82
68
97
80
68
98
81
69
102
83
69
107
85
71
113
89
73
121
94
77
129
100
81
137
106
86
145
111
91
152
116
95
159
122
100
166
127
105
171
131
110
176
136
114
180
139
118
184
143
121
187
145
124
189
147
126
190
149
127
191
149
128
191
150
129
191
150
129
191
149
128
191
149
128
190
148
126
188
146
125
186
144
123
183
142
120
180
138
116
175
135
112
170
131
108
165
126
104
158
121
99
151
115
94
143
110
89
135
104
84
126
98
80
117
92
75
109
86
71
102
83
69
98
81
68
99
82
69
103
83
70
108
86
71
115
90
74
123
96
78
132
101
83
140
107
88
148
113
92
155
118
97
161
123
102
168
128
107
173
133
111
178
137
115
182
141
119
186
144
123
189
147
125
191
149
128
192
151
129
193
151
130
194
152
131
194
152
131
194
152
130
193
151
130
192
150
128
190
148
127
188
146
124
185
143
122
181
140
118
177
136
114
172
132
110
167
128
106
160
123
101
154
117
96
146
112
91
137
106
86
129
100
81
120
94
77
111
88
72
104
83
69
99
81
68
100
82
69
104
84
70
110
87
72
117
91
75
125
97
79
134
103
84
142
109
89
149
114
94
156
119
98
162
124
102
168
129
107
173
133
111
178
137
115
182
141
119
186
144
123
189
147
126
191
149
128
193
151
130
194
152
131
195
153
132
195
153
132
195
153
131
194
152
131
193
150
129
190
148
127
188
146
125
184
143
121
180
139
118
176
136
114
172
132
110
167
128
106
161
123
102
155
118
97
147
113
92
139
107
87
131
101
82
122
95
77
114
89
73
106
84
70
101
82
68
101
82
69
105
84
70
111
88
72
118
92
76
127
98
80
135
104
85
143
109
89
150
115
94
156
119
98
161
123
102
166
128
106
171
131
110
175
135
114
179
138
117
183
142
121
187
145
124
190
148
127
193
150
129
195
152
131
196
153
132
196
153
132
195
152
131
194
151
130
191
149
128
188
146
125
185
143
122
181
140
119
177
137
116
173
133
112
169
130
109
165
126
105
160
122
101
154
118
97
148
113
92
141
108
88
133
102
83
124
96
78
116
91
74
108
86
71
102
82
69
102
83
69
107
85
71
113
89
73
120
93
76
128
99
81
136
105
85
143
110
90
149
114
94
154
118
97
158
121
101
163
125
104
166
128
107
170
130
110
173
133
113
178
137
116
182
141
120
186
144
124
190
148
127
193
150
129
194
151
130
195
151
131
194
151
130
191
149
128
188
146
125
184
142
122
179
138
118
175
135
115
171
131
111
168
129
108
164
126
106
161
123
103
157
120
100
153
117
96
148
113
92
141
108
88
134
103
84
126
97
79
118
92
75
110
87
71
104
83
69
103
84
70
108
86
72
115
90
74
122
95
77
129
100
82
136
105
86
142
109
89
147
112
92
151
115
95
154
118
98
157
120
100
160
122
103
163
124
105
166
127
107
170
130
110
175
134
114
180
139
118
185
143
122
189
146
125
192
148
127
192
149
128
190
147
126
187
144
123
182
140
120
177
136
115
172
131
111
167
128
108
163
125
105
160
122
103
158
120
101
156
119
99
154
117
97
150
115
95
146
112
92
141
108
88
135
103
84
127
98
80
120
93
76
112
88
73
105
84
70
105
84
71
110
87
72
117
91
75
123
96
78
130
100
82
136
104
85
140
107
88
144
110
90
146
111
92
148
113
94
150
114
96
152
116
97
154
117
99
157
119
101
161
122
103
166
126
106
172
131
111
179
136
116
184
141
120
188
144
123
188
145
124
186
143
122
182
139
118
175
133
113
169
128
108
163
123
104
158
119
101
154
117
98
151
115
97
150
114
96
149
113
95
148
113
94
147
112
92
144
110
90
140
107
87
135
103
84
129
99
81
122
95
78
115
90
74
107
85
71
107
85
71
112
89
74
119
93
77
125
97
80
131
101
83
136
104
85
139
106
87
141
107
88
141
107
89
141
107
90
142
108
90
142
108
91
144
109
92
147
111
94
151
114
96
157
118
99
164
123
103
171
129
108
178
135
114
183
140
118
184
141
119
182
138
117
176
133
112
168
126
106
160
120
101
154
115
97
148
111
94
144
108
91
142
107
91
141
107
90
141
107
89
141
107
89
142
107
89
141
107
88
139
106
86
135
103
84
130
100
82
124
97
79
117
92
76
110
87
73
109
87
73
115
91
75
121
94
78
127
99
81
133
102
84
136
104
85
137
104
86
138
104
86
137
103
86
136
102
86
135
102
86
134
102
86
136
102
87
139
104
88
143
107
90
149
111
93
156
116
97
165
123
103
173
130
109
179
136
114
181
137
116
177
134
113
170
128
107
162
120
100
153
114
95
147
109
91
141
105
88
136
102
86
133
100
85
132
100
85
133
101
85
135
102
85
137
103
85
138
104
85
138
105
86
136
104
85
132
102
83
127
98
81
120
94
77
113
89
74
112
89
74
118
92
77
124
96
80
130
100
83
135
104
85
137
105
86
137
104
85
136
103
85
134
101
84
132
99
83
130
98
83
129
97
83
130
97
83
132
99
84
138
102
86
144
106
88
151
111
92
160
119
98
170
127
106
177
133
111
179
135
113
175
132
110
167
125
104
158
116
96
149
109
91
141
104
87
135
100
84
130
97
82
127
95
81
126
95
81
128
96
81
132
99
83
135
101
84
137
103
85
138
104
85
137
105
85
135
103
84
130
100
82
123
96
79
117
92
76
115
91
76
121
94
78
127
99
82
133
103
85
138
106
87
140
106
88
139
105
86
137
103
85
134
100
84
130
97
82
127
96
81
126
95
81
127
95
82
131
97
83
136
101
86
143
105
88
150
110
91
159
117
97
169
126
104
176
132
110
179
135
113
175
131
110
167
124
103
157
115
96
148
108
90
141
103
86
134
99
84
130
96
83
126
94
81
125
94
80
127
95
80
131
98
82
135
100
83
138
104
85
140
106
87
140
107
87
138
105
86
133
103
84
127
98
81
120
94
78
118
93
77
124
97
80
130
101
84
136
105
87
141
108
89
143
109
90
143
108
89
141
106
88
137
103
86
134
100
85
131
98
84
129
97
83
130
97
84
134
99
85
139
103
87
145
107
90
152
111
93
161
119
98
170
126
105
177
133
111
180
136
114
177
133
111
169
126
105
160
118
98
152
111
92
145
106
89
138
102
87
134
100
86
131
98
84
130
97
83
131
98
84
135
101
85
139
104
86
142
107
88
145
109
90
144
110
90
141
108
89
137
105
87
130
101
83
123
96
80
120
94
79
126
98
82
133
103
85
140
108
89
145
111
92
148
113
94
148
112
93
148
111
93
145
109
92
142
107
91
140
105
90
138
104
89
138
104
89
141
105
90
145
108
92
151
111
94
157
115
96
165
122
102
173
129
108
180
135
113
183
137
116
180
135
113
174
129
108
166
122
102
158
116
97
152
112
95
146
109
93
142
106
91
139
104
90
139
104
90
141
105
90
144
108
91
147
110
92
149
112
93
151
114
94
150
114
94
146
112
92
140
108
89
133
103
85
126
98
81
122
96
80
129
100
83
136
105
87
143
110
91
149
114
95
153
117
97
155
118
98
156
118
98
154
116
98
153
115
98
151
113
97
150
112
97
150
113
97
151
113
97
154
115
98
159
118
100
164
121
102
170
126
106
178
132
111
184
138
116
186
140
118
184
138
116
178
133
112
172
127
107
165
122
103
160
119
101
156
116
99
153
115
99
151
113
98
151
113
97
152
114
97
154
116
98
156
118
99
158
119
99
157
119
99
155
118
98
150
115
95
144
110
91
136
105
87
129
100
83
124
97
81
131
101
84
138
106
88
145
112
93
152
117
97
158
120
100
161
123
103
164
124
104
164
124
105
164
124
106
164
123
106
163
123
106
163
123
106
163
123
105
165
123
105
167
124
105
171
127
107
176
131
110
183
136
115
188
140
119
189
142
121
188
140
119
183
137
115
178
132
111
173
128
108
169
125
106
166
124
106
164
123
106
164
123
106
164
123
106
165
124
106
166
125
106
166
126
106
166
126
105
163
124
104
159
121
101
153
117
97
146
112
93
138
107
88
131
101
84
126
98
82
132
102
85
139
107
89
147
113
94
155
118
99
161
123
103
167
127
106
171
129
109
173
131
111
174
132
112
174
132
113
174
131
113
174
131
113
174
131
112
174
130
111
175
130
110
177
132
111
181
135
114
186
139
118
191
143
121
192
144
123
191
143
121
187
140
118
183
136
115
179
133
112
177
132
112
175
131
112
175
132
113
175
132
114
175
132
114
176
133
114
176
133
114
175
132
112
173
131
110
169
128
107
162
123
103
155
118
98
148
113
94
140
107
89
132
102
85
126
99
83
132
102
86
139
107
89
148
113
94
156
119
99
163
124
104
170
129
109
175
133
113
179
136
116
182
137
118
183
138
119
183
138
119
183
138
119
182
136
117
181
135
115
180
134
114
182
135
114
185
137
116
189
141
120
193
144
123
194
145
124
193
144
123
190
141
120
186
138
117
183
136
115
182
136
115
182
136
117
183
138
118
184
139
119
184
139
120
184
140
120
184
139
119
182
137
117
178
134
114
172
130
110
165
125
104
157
119
99
148
113
94
140
107
89
133
103
85
126
99
83
132
102
85
139
106
89
147
112
93
156
118
99
164
124
104
172
130
109
178
135
114
183
138
118
187
141
121
189
142
123
189
142
123
188
142
122
187
140
120
185
138
118
184
136
116
184
136
116
186
138
117
190
141
121
193
144
123
194
145
124
193
144
123
190
141
120
187
138
118
185
137
116
184
137
116
186
138
118
188
141
121
189
143
123
190
144
124
190
144
124
189
142
122
185
140
119
180
136
115
173
131
110
165
124
104
156
118
98
148
112
93
139
107
88
133
102
85
126
99
83
132
102
85
138
106
88
146
111
92
155
117
98
163
123
103
171
129
109
179
135
114
185
139
119
189
143
122
192
144
124
192
144
124
191
143
123
189
141
121
186
138
118
184
136
115
184
135
115
186
136
116
188
139
119
191
141
122
192
142
123
191
141
121
188
139
119
186
136
116
184
135
115
184
135
115
186
138
117
189
141
121
192
144
124
193
145
125
193
145
125
191
143
123
187
140
120
181
136
115
173
130
109
164
123
103
155
117
97
147
111
92
138
106
88
132
102
85
126
99
83
131
102
85
137
105
88
144
110
91
153
115
96
161
121
101
170
127
107
178
133
113
184
138
118
189
142
121
192
143
123
192
144
124
191
142
122
188
140
120
185
136
116
182
133
113
181
132
112
182
132
113
184
135
116
186
137
118
187
137
118
186
136
117
184
134
115
182
132
113
181
132
112
182
132
113
184
135
115
187
139
119
191
142
122
192
144
124
192
144
124
190
142
122
186
139
118
179
134
113
171
128
107
162
121
101
153
115
96
145
110
91
137
105
87
131
101
85
125
98
83
130
101
85
135
104
87
142
108
90
150
113
94
159
119
99
167
125
105
175
130
110
182
135
115
187
139
119
190
141
121
191
142
121
189
140
120
186
137
117
182
133
114
179
130
111
177
128
109
177
128
109
178
129
110
179
130
112
180
131
113
179
130
112
178
129
110
177
128
109
177
128
109
178
129
110
181
132
112
184
135
116
188
139
119
190
141
121
190
141
121
188
139
119
183
136
115
177
131
110
168
125
105
159
119
99
151
113
94
143
108
89
136
104
86
130
101
84
124
98
83
128
100
84
134
103
86
140
107
89
148
112
93
156
117
97
164
122
102
172
127
107
179
132
112
184
136
115
187
138
118
188
138
118
187
137
117
184
134
115
180
131
111
176
127
108
173
124
106
172
123
105
172
123
105
172
124
106
173
124
107
172
124
106
172
123
105
171
123
104
172
123
105
175
126
107
178
129
110
181
133
113
185
136
115
186
137
117
186
137
117
184
136
115
180
132
112
173
128
107
165
122
102
157
116
96
148
111
92
140
106
88
134
103
85
128
100
84
123
98
83
127
100
84
132
102
86
138
106
88
146
110
92
153
115
96
161
120
100
168
124
104
174
128
108
179
132
111
182
134
113
183
135
114
183
134
114
181
132
112
177
129
110
174
125
107
171
122
104
168
120
103
167
119
102
167
119
102
167
119
102
167
119
102
167
119
102
167
120
102
169
121
103
172
124
105
175
127
108
178
130
110
181
132
112
182
133
113
181
133
112
180
132
111
175
129
108
169
124
104
162
119
99
153
114
94
146
110
90
139
105
87
132
102
84
127
99
83
122
98
83
125
99
84
130
102
85
136
104
87
143
109
90
150
113
94
157
117
97
164
121
101
170
125
104
175
128
107
178
130
109
179
131
110
178
131
110
177
129
109
175
127
108
172
125
106
169
122
104
167
120
103
166
118
102
165
118
101
165
118
101
165
118
101
165
118
101
166
119
102
168
121
103
170
123
105
173
126
107
175
128
108
177
129
109
177
129
109
177
129
108
175
128
107
171
126
104
165
122
101
158
117
96
151
112
92
143
108
89
136
104
86
130
101
84
126
98
83
120
97
82
124
98
83
128
100
85
134
103
87
141
107
89
148
111
92
154
115
95
160
119
98
166
122
101
170
125
104
173
126
105
174
127
106
173
127
106
173
126
106
172
125
106
170
124
106
169
122
105
167
121
104
166
119
103
165
119
103
165
118
103
165
118
103
165
119
103
166
120
103
167
121
104
169
123
104
170
124
105
171
125
106
172
126
105
172
126
105
172
126
104
170
125
103
167
123
101
161
119
98
155
115
94
148
111
91
141
107
88
134
103
85
129
100
83
124
98
82
119
96
82
122
97
83
127
100
84
132
103
86
138
106
89
145
110
91
151
114
94
157
117
96
163
120
99
166
122
101
168
123
102
169
123
102
168
123
102
168
122
103
167
122
103
167
121
104
167
121
104
166
120
104
166
119
104
166
119
104
166
119
104
165
119
104
165
119
103
165
119
103
165
119
103
166
120
103
166
121
103
166
121
102
167
122
102
168
122
102
168
123
101
167
122
101
163
121
99
158
117
96
152
113
93
145
109
90
139
106
87
133
102
85
127
99
83
123
97
82
117
95
82
120
96
82
124
99
84
130
102
85
136
105
88
143
109
91
149
113
93
155
116
96
160
119
98
163
121
99
165
121
100
165
120
99
164
119
99
163
118
99
162
117
99
163
117
100
163
117
101
164
117
102
164
117
103
165
117
103
165
117
103
164
117
103
164
117
102
163
116
101
162
115
100
161
115
99
160
115
98
161
116
98
162
118
98
163
119
99
164
121
99
163
121
99
161
119
97
155
116
95
149
112
92
143
108
89
137
105
87
131
102
85
125
99
83
121
97
82
116
95
82
119
96
82
123
98
83
128
101
85
134
104
87
140
108
90
147
112
92
152
115
95
157
118
97
161
120
98
162
120
98
162
119
98
160
116
97
158
114
95
157
112
95
157
112
96
158
112
97
160
113
99
162
114
101
163
114
102
163
115
102
163
114
102
161
113
101
160
112
99
158
111
97
156
110
95
156
111
94
157
112
94
158
115
95
160
117
97
162
119
98
161
119
98
158
118
96
153
115
94
147
111
91
140
107
88
134
104
86
129
101
84
124
98
83
120
96
82
115
94
81
117
95
82
121
97
82
125
99
84
131
103
86
137
106
89
144
110
91
150
114
94
155
117
96
159
119
98
161
119
98
160
118
97
159
115
95
156
112
94
154
109
92
154
107
92
155
108
94
157
109
96
159
110
99
160
111
100
161
112
101
161
112
100
160
111
99
158
109
97
156
108
95
154
107
93
154
108
93
155
111
93
157
114
94
159
117
96
160
118
97
159
118
97
155
117
95
150
113
93
144
109
90
138
105
87
132
102
85
126
99
83
122
97
82
118
95
81
113
93
81
116
94
81
119
96
82
123
98
83
128
101
85
134
104
87
141
108
90
147
112
93
152
116
95
157
118
97
160
119
98
160
118
97
159
116
96
157
113
94
155
109
93
154
107
92
155
107
94
157
107
96
159
109
98
160
110
99
161
110
100
161
110
100
159
109
98
157
108
96
156
107
94
155
107
93
155
108
93
156
111
94
158
114
95
159
117
96
159
118
97
157
118
96
152
115
94
147
111
91
141
107
88
135
104
86
129
101
84
124
98
82
120
96
81
116
93
80
112
92
80
114
93
80
117
95
81
121
96
82
125
99
83
131
102
86
137
106
88
143
110
91
149
113
93
154
117
96
158
119
98
160
119
98
161
117
97
160
115
96
159
112
95
158
109
94
158
108
95
159
108
97
161
109
98
162
110
100
162
110
100
162
110
100
161
109
99
159
108
97
158
108
96
158
109
95
158
111
95
159
114
96
160
116
97
160
118
97
158
118
97
154
116
95
149
113
92
143
109
89
137
105
86
131
102
84
126
99
83
122
97
82
117
94
80
114
92
79
111
92
80
112
92
80
115
93
81
118
95
81
123
97
82
128
100
84
133
104
86
139
107
89
145
111
92
151
115
94
156
118
97
159
119
98
161
119
98
162
118
98
162
115
98
162
113
97
162
112
97
163
111
98
164
111
99
165
112
101
165
112
101
165
112
101
164
111
100
163
111
99
162
112
98
162
113
98
162
115
98
162
117
98
162
119
98
160
119
98
156
117
96
151
114
93
145
110
90
139
106
87
133
103
85
128
100
83
123
97
82
119
95
80
115
93
79
112
92
79
110
91
80
111
91
80
113
92
80
116
93
80
120
95
81
124
98
83
129
101
84
135
104
86
141
108
89
147
112
92
152
115
95
157
118
97
160
119
99
163
120
100
164
119
100
165
117
100
165
116
100
166
115
100
166
114
101
167
114
102
167
114
102
167
114
102
166
114
101
166
115
101
166
116
101
165
117
101
165
119
100
164
120
100
161
120
99
158
118
97
153
115
95
147
111
91
141
107
88
135
104
85
130
100
83
125
98
82
121
95
80
117
93
79
114
92
79
111
91
79
109
91
80
110
91
80
112
91
79
114
92
79
117
94
80
121
95
81
125
98
82
131
101
85
136
105
87
142
109
90
148
113
93
154
116
95
158
119
98
162
120
100
165
121
101
167
121
102
168
120
102
168
119
103
169
118
103
169
118
103
169
118
103
169
118
103
169
118
103
168
119
103
168
120
103
167
121
102
166
121
102
163
121
100
159
119
98
155
116
96
149
113
93
143
109
89
136
104
86
131
101
83
126
98
82
122
96
80
118
94
80
115
92
79
112
91
78
110
91
79
109
91
81
109
91
80
110
90
79
112
91
79
115
92
79
118
94
80
122
96
81
127
99
83
132
102
85
138
106
87
144
110
90
149
113
93
155
117
96
160
119
99
164
122
102
167
123
103
169
123
104
170
123
105
171
122
105
171
122
105
171
122
106
171
122
106
171
122
105
170
122
105
169
123
105
168
123
104
165
122
102
161
120
100
156
117
97
151
114
94
144
110
90
138
106
87
132
101
84
127
98
82
123
96
80
119
94
79
116
93
79
113
91
78
111
91
78
110
91
79
108
91
81
109
90
80
110
90
79
111
90
79
113
91
79
116
92
79
119
93
79
123
96
81
128
99
83
133
102
85
138
106
88
144
110
91
150
114
94
156
117
97
161
120
100
165
123
103
168
124
105
170
125
106
172
125
107
173
125
108
173
125
108
173
125
108
172
125
108
171
125
107
169
125
106
166
123
104
162
121
101
157
118
98
152
115
95
146
111
91
139
106
88
133
102
84
128
99
82
123
96
80
120
94
79
117
93
79
115
92
79
112
91
78
111
91
79
110
91
80
109
92
82
109
91
81
110
91
80
110
90
79
112
91
79
114
91
79
116
92
78
120
94
79
124
96
81
128
99
83
133
102
85
139
106
88
145
110
91
151
114
94
156
117
98
161
121
101
166
123
104
169
125
106
171
126
108
172
127
109
173
127
109
172
127
109
171
126
108
169
125
107
167
124
105
163
121
102
158
118
99
152
115
96
147
111
92
140
107
89
134
103
85
128
99
82
124
96
80
120
94
79
118
93
78
116
92
78
114
92
79
112
91
79
111
92
80
110
92
81
109
92
82
109
92
82
110
91
81
110
91
80
111
90
79
113
90
78
114
91
78
117
92
78
120
94
79
124
96
81
128
99
82
133
102
84
138
105
87
144
109
91
150
113
94
155
116
97
160
119
100
164
122
103
166
123
105
168
124
106
169
125
107
168
124
106
167
124
105
164
122
104
161
120
101
156
117
98
151
114
95
146
110
92
140
107
89
134
102
85
129
99
82
124
96
80
121
94
79
118
93
78
116
92
78
114
92
79
113
91
79
112
92
80
112
93
82
111
93
82
109
93
83
110
92
83
110
92
82
111
91
81
112
91
80
112
91
79
113
91
78
115
91
78
118
93
79
121
94
79
124
96
80
127
98
82
132
100
84
137
104
86
142
107
89
147
111
93
152
114
95
156
116
98
159
118
100
161
119
101
162
119
102
161
119
101
159
118
100
157
116
98
153
114
96
149
111
94
144
108
91
139
105
88
133
101
84
128
98
82
124
96
80
121
94
79
118
92
78
116
92
78
115
91
78
114
92
79
113
92
80
113
93
82
112
94
83
112
94
84
